Time(s),Y-Velocity(m/s)
0.004,-2.708
0.008,-3.309
0.012,-3.506
0.017,-2.337
0.021,-1.948
0.025,-3.116
0.029,-3.506
0.033,-3.116
0.037,-2.727
0.042,-2.337
0.046,-4.480
0.050,-4.090
0.054,-2.922
0.058,-3.116
0.062,-2.727
0.067,-4.090
0.071,-4.480
0.075,-3.506
0.079,-3.311
0.083,-4.869
0.087,-5.064
0.092,-3.701
0.096,-3.896
0.100,-3.506
0.104,-5.064
0.108,-5.259
0.112,-4.480
0.117,-4.090
0.121,-5.649
0.125,-6.233
0.129,-4.090
0.133,-4.090
0.137,-4.090
0.142,-6.428
0.146,-6.623
0.150,-4.480
0.154,-4.869
0.158,-4.869
0.162,-7.207
0.167,-6.817
0.171,-4.459
0.175,-4.496
0.179,-7.023
0.183,-8.400
0.187,-5.233
0.192,-4.820
0.196,-5.508
0.200,-7.436
0.204,-7.712
0.208,-6.197
0.212,-5.922
0.217,-8.400
0.221,-8.676
0.225,-6.197
0.229,-5.784
0.233,-5.922
0.237,-9.364
0.242,-8.538
0.246,-5.922
0.250,-6.197
